10
100
101
102
103
104
106
107
108
109
11
110
111
112
113
114
115
116
118
119
12
120
121
122
123
124
125
126
129
13
130
131
133
134
135
137
138
139
14
143
146
147
148
15
150
151
152
153
154
155
156
157
158
159
16
160
161
162
165
166
168
169
17
170
171
172
173
174
175
176
177
178
179
18
180
181
182
183
184
185
186
188
189
19
190
191
192
194
195
196
197
198
199
20
201
202
203
204
205
206
207
208
21
211
212
213
215
216
217
22
220
221
222
223
224
225
226
227
228
23
230
231
232
234
235
236
237
24
240
242
243
245
247
248
25
250
253
254
255
256
257
258
259
26
260
261
263
265
266
267
268
269
27
270
271
272
273
274
275
276
278
279
28
280
281
282
284
285
287
288
289
29
290
291
292
294
295
296
297
298
299
30
300
31
33
34
36
37
38
39
4
40
41
42
43
44
45
47
48
5
50
51
53
55
57
58
59
6
60
62
65
66
67
68
7
70
71
72
73
75
76
77
78
79
80
82
84
85
86
88
89
9
91
92
93
94
95
96
97
99