1
5
7
8
9
10
12
16
18
19
21
22
23
24
26
28
30
32
33
34
37
38
39
44
48
49
51
52
53
56
57
61
62
63
67
70
71
72
74
75
76
78
82
84
86
92
96
98
99
101
105
108
110
112
114
115
116
122
125
126
127
129
131
133
134
135
137
139
140
141
142
145
147
148
149
151
153
155
156
157
159
162
165
167
169
170
171
174
175
180
181
182
184
188
193
194
195
197
198
199
205
206
208
209
211
214
215
216
222
223
225
227
230
232
234
235
236
237
238
239
242
245
246
247
248
249
253
254
255
256
259
260
261
262
264
265
267
268
269
270
273
278
279
283
285
288
292
296
298
299