10
1002
1004
1005
1006
1007
1008
1009
101
1010
1011
1012
1013
1014
1015
1016
1017
1018
1019
102
1021
1026
1027
1029
103
1030
1031
1032
1033
1034
1035
1036
1037
1039
1040
1041
1042
1043
1044
1045
1046
1048
1049
105
1050
1051
1052
1053
1054
1055
1057
1058
106
1060
1061
1062
1063
1064
1066
1067
1068
1069
1071
1073
1074
1075
1076
1077
1078
1079
108
1080
1083
1085
1086
1087
1088
1089
109
1091
1092
1093
1094
1095
1096
1097
1098
1099
11
110
1100
1101
1102
1103
1105
1106
1107
1108
1109
111
1111
1114
1116
1117
1118
1119
112
1120
1121
1122
1123
1124
1126
1128
1129
113
1131
1132
1133
1135
1136
1137
1138
1139
114
1140
1141
1142
1144
1145
1149
1150
1152
1153
1154
1155
1156
1157
1158
1159
116
1160
1161
1162
1164
1165
1168
1169
117
1171
1172
1174
1175
1176
1177
1178
118
1181
1182
1186
1187
1188
1189
119
1190
1191
1192
1193
1194
1195
1196
1197
1198
1199
120
1200
1201
121
122
123
124
125
126
127
128
131
134
135
137
139
14
140
141
142
143
144
148
149
15
150
151
152
153
154
155
156
159
16
160
162
164
165
167
168
169
17
170
171
172
173
176
177
178
179
180
181
182
183
184
185
186
189
19
190
191
192
194
195
196
197
198
199
2
200
202
203
204
205
206
208
21
210
212
213
214
216
217
218
219
22
220
221
223
224
225
226
227
228
23
230
232
233
234
235
236
237
238
239
240
241
242
243
244
245
246
247
248
249
250
251
252
254
255
257
259
26
260
262
263
267
270
272
273
274
275
277
278
279
28
280
281
282
284
286
287
288
289
29
290
291
293
295
296
297
298
299
3
30
300
301
302
303
304
306
307
308
309
31
311
312
314
315
316
317
318
319
321
322
325
327
329
33
330
331
332
333
334
335
336
337
338
339
34
340
341
342
343
344
345
346
347
348
349
35
350
352
353
354
355
356
358
360
361
362
364
366
368
369
37
370
371
372
373
374
375
376
377
378
379
380
381
382
383
384
385
386
387
388
389
39
391
392
393
394
396
399
4
40
400
401
402
403
404
405
406
407
408
409
41
410
411
412
413
414
415
416
418
419
42
420
421
422
426
427
428
429
43
430
431
432
434
436
438
439
44
440
441
442
443
444
445
446
447
449
45
450
451
453
455
456
457
458
459
46
460
461
462
463
464
465
466
467
468
469
47
470
471
474
476
478
479
48
480
481
482
483
484
485
486
487
488
489
490
492
494
495
496
497
498
499
5
500
502
503
504
505
506
508
509
51
510
511
512
513
514
516
519
52
520
521
522
523
524
525
527
528
529
53
532
534
537
538
539
54
540
541
542
543
544
545
546
547
548
55
550
551
552
553
554
555
556
558
559
56
560
561
562
564
565
566
568
569
570
571
572
573
574
575
577
580
581
582
583
584
585
586
587
588
589
59
590
591
592
593
594
595
596
597
598
599
6
600
601
603
604
605
606
607
608
609
61
610
611
612
613
614
616
617
618
619
62
620
621
622
623
624
625
626
628
629
63
630
631
634
635
636
637
638
64
640
641
642
643
644
645
646
647
648
65
650
651
653
654
655
656
657
66
660
661
662
663
665
666
667
668
669
67
670
671
672
674
675
676
677
678
679
68
680
682
684
685
686
687
69
691
692
694
695
696
697
698
699
7
70
700
703
704
705
706
707
708
709
71
710
711
712
713
714
715
716
717
719
72
720
722
723
724
725
726
727
728
729
73
730
731
734
735
736
737
74
741
742
744
745
746
747
749
75
750
751
753
754
755
756
757
758
759
76
760
762
763
764
765
766
767
768
769
77
770
771
772
773
774
775
776
777
778
78
780
781
782
783
784
786
789
79
790
791
792
793
794
798
799
8
80
801
802
803
804
806
807
808
809
81
810
811
812
816
817
818
819
820
821
822
823
824
826
828
83
830
831
832
833
834
835
836
837
838
839
84
840
841
842
843
844
845
847
849
85
850
851
852
853
856
857
858
859
86
861
862
863
864
865
866
867
868
869
87
870
871
872
873
874
875
876
877
880
881
882
883
884
886
887
888
889
89
891
893
895
896
897
898
899
90
900
901
903
904
905
906
907
908
909
91
910
911
912
915
916
917
918
92
921
922
923
924
925
928
93
930
931
932
934
935
937
938
939
94
940
941
942
943
944
945
946
947
948
949
950
953
954
955
956
957
958
959
96
960
961
962
963
966
969
97
970
971
972
973
974
975
977
978
980
981
982
983
984
985
986
988
989
99
990
991
992
994
995
996
997
998
999
1
100
1000
1001
1003
1020
1022
1023
1024
1025
1028
1038
104
1047
1056
1059
1065
107
1070
1072
1081
1082
1084
1090
1104
1110
1112
1113
1115
1125
1127
1130
1134
1143
1146
1147
1148
115
1151
1163
1166
1167
1170
1173
1179
1180
1183
1184
1185
12
129
13
130
132
133
136
138
145
146
147
157
158
161
163
166
174
175
18
187
188
193
20
201
207
209
211
215
222
229
231
24
25
253
256
258
261
264
265
266
268
269
27
271
276
283
285
292
294
305
310
313
32
320
323
324
326
328
351
357
359
36
363
365
367
38
390
395
397
398
417
423
424
425
433
435
437
448
452
454
472
473
475
477
49
491
493
50
501
507
515
517
518
526
530
531
533
535
536
549
557
563
567
57
576
578
579
58
60
602
615
627
632
633
639
649
652
658
659
664
673
681
683
688
689
690
693
701
702
718
721
732
733
738
739
740
743
748
752
761
779
785
787
788
795
796
797
800
805
813
814
815
82
825
827
829
846
848
854
855
860
878
879
88
885
890
892
894
9
902
913
914
919
920
926
927
929
933
936
95
951
952
964
965
967
968
976
979
98
987
993
