1
3
4
5
7
26
28
29
30
31
34
45
47
55
65
68
75
80
81
83
93
94
96
103
119
126
128
129
131
142
144
148
152
162
165
166
167
169
171
184
187
188
192
195
201
203
206
207
208
224
236
237
238
240
241
244
246
254
255
256
267
268
272
274
277
286
287
292
300
301
307
315
317
323
325
328
332
340
347
350
359
370
374
377
379
383
386
387
388
390
391
392
394
399
407
409
417
419
432
438
441
448
449
452
453
455
457
483
489
491
492
496
498
500
514
526
531
533
534
556
563
564
565
574
576
578
590
595
597
617
618
620
622
636
638
640
648
650
656
665
667
668
677
682
683
685
687
688
702
711
718
722
725
732
734
735
736
759
762
776
789
795
796
802
813
817
823
824
830
840
849
851
856
857
859
862
872
873
890
894
906
907
912
913
915
918
923
928
938
957
964
966
967
975
976
977
982
987
996
997
998
1003
1009
1011
1013
1032
1034
1041
1042
1048
1067
1068
1069
1075
1081
1083
1085
1091
1095
1107
1108
1113
1115
1121
1122
1124
1129
1132
1147
1149
1150
1163
1164
1166
1167
1176
1179
1180
1188
1195